kc = 0.045
ki = 0.00083
omega = sqrt(0.63230*ki)
zeta = (7.3507*10^-3 + 0.63230*kc)/(2*omega)
pos1 =  0.0225547163 - omega
pos2 =  0.591150 - zeta